[
    2141705349,
    2141660316,
    2141712277,
    2141566785,
    2141646459,
    2141542536,
    2141670708,
    2141483647,
    2141701885,
    2141764239,
    2141611818,
    2141774631,
    2141823128,
    2141816200,
    2141791952,
    2141805808,
    2141778095,
    2141507895,
    2141791952,
    2141642995,
    2141739990,
    2141559857,
    2141487111,
    2141736526,
    2141701885,
    2141736526,
    2141694957,
    2141597962,
    2141733062,
    2141546000,
    2141577177,
    2141753846,
    2141688028,
    2141563321,
    2141552929,
    2142024046,
    2141923587,
    2142173003,
    2142044831,
    2142079472,
    2142138362,
    2141878554,
    2142162610,
    2141996334,
    2141954764,
    2142069080,
    2142089864,
    2142134898,
    2142110649,
    2142069080,
    2142148754,
    2141868162,
    2141985941,
    2142055223,
    2142148754,
    2141916659,
    2142055223,
    2141895875,
    2142062151,
    2141992869,
    2142055223,
    2142176467,
    2142121041,
    2141885482,
    2141830057,
    2141930516,
    2142117577,
    2141899339,
    2141888946,
    2142127969,
    2142218036,
    2142405098,
    2142214572,
    2142252677,
    2142263069,
    2142204180,
    2142363528,
    2142193787,
    2142204180,
    2142412026,
    2142502092,
    2142235357,
    2142259605,
    2142280390,
    2142457059,
    2142256141,
    2142252677,
    2142280390,
    2142207644,
    2142325423,
    2142242285,
    2142405098,
    2142294246,
    2142474380,
    2142363528,
    2142422418,
    2142193787,
    2142204180,
    2142398169,
    2142353136,
    2142256141,
    2142446667,
    2142228428,
    2142356600,
    2142197251,
    2142834646,
    2142751508,
    2142644121,
    2142768828,
    2142782685,
    2142678762,
    2142585231,
    2142578303,
    2142824254,
    2142831182,
    2142723795,
    2142540197,
    2142661441,
    2142768828,
    2142803469,
    2142831182,
    2142834646,
    2142633728,
    2142696082,
    2142692618,
    2142813862,
    2142626800,
    2142855431,
    2142765364,
    2142754972,
    2142654513,
    2142709938,
    2142723795,
    2142765364,
    2142703010,
    2142848503,
    2142855431,
    2142827718,
    2142748044,
    2142734187,
    2143122167,
    2143208769,
    2143094454,
    2143146415,
    2143201841,
    2143149879,
    2142907392,
    2142997459,
    2143028636,
    2143167200,
    2143111774,
    2142976674,
    2143132559,
    2143000923,
    2142938569,
    2143184520,
    2143014779,
    2143122167,
    2143132559,
    2142987067,
    2142987067,
    2142942033,
    2142910856,
    2143205305,
    2143097918,
    2143097918,
    2143021708,
    2143080597,
    2142907392,
    2142952426,
    2143146415,
    2143184520,
    2143139487,
    2143215697,
    2142935105,
    2143409687,
    2143357725,
    2143392366,
    2143420079,
    2143302300,
    2143465113,
    2143517074,
    2143243410,
    2143492825,
    2143347333,
    2143347333,
    2143458184,
    2143260731,
    2143257267,
    2143291908,
    2143482433,
    2143233018,
    2143406223,
    2143458184,
    2143558643,
    2143510146,
    2143437400,
    2143427008,
    2143437400,
    2143291908,
    2143253802,
    2143281515,
    2143562107,
    2143253802,
    2143444328,
    2143364654,
    2143548251,
    2143284979,
    2143278051,
    2143399295,
    2143648710,
    2143828843,
    2143697207,
    2143887733,
    2143801130,
    2143620997,
    2143804595,
    2143627925,
    2143742241,
    2143686815,
    2143704136,
    2143787274,
    2143873877,
    2143756097,
    2143569036,
    2143738777,
    2143607141,
    2143565572,
    2143908518,
    2143749169,
    2143790738,
    2143624461,
    2143565572,
    2143700672,
    2143721456,
    2143724920,
    2143811523,
    2143638318,
    2143804595,
    2143835771,
    2143756097,
    2143614069,
    2143749169,
    2143766489,
    2143860020,
    2144005512,
    2144029761,
    2144189110,
    2143981264,
    2144047082,
    2144254928,
    2143991656,
    2144085187,
    2144043618,
    2143950087,
    2143977800,
    2144054010,
    2144074795,
    2144227215,
    2144234143,
    2144078259,
    2144216823,
    2144182182,
    2144248000,
    2144064402,
    2144081723,
    2144126756,
    2144081723,
    2144047082,
    2144223751,
    2143991656,
    2144178718,
    2143977800,
    2144095579,
    2143957015,
    2143936230,
    2143939695,
    2144116364,
    2144123292,
    2143963943,
    2144483558,
    2144414276,
    2144476630,
    2144341530,
    2144487023,
    2144462774,
    2144320746,
    2144261856,
    2144577089,
    2144487023,
    2144424669,
    2144573625,
    2144566697,
    2144435061,
    2144369243,
    2144365779,
    2144448917,
    2144552841,
    2144597874,
    2144455846,
    2144334602,
    2144265320,
    2144313818,
    2144275712,
    2144476630,
    2144466238,
    2144580553,
    2144279177,
    2144438525,
    2144351923,
    2144299961,
    2144272248,
    2144535520,
    2144383100,
    2144473166,
    2144868074,
    2144829969,
    2144791864,
    2144635979,
    2144635979,
    2144795328,
    2144622123,
    2144778007,
    2144656764,
    2144885394,
    2144816112,
    2144920035,
    2144916571,
    2144642907,
    2144781471,
    2144823040,
    2144940820,
    2144722582,
    2144881930,
    2144653299,
    2144875002,
    2144809184,
    2144906179,
    2144854217,
    2144743366,
    2144687940,
    2144875002,
    2144646371,
    2144888858,
    2144826505,
    2144788399,
    2144629051,
    2144840361,
    2144677548,
    2144656764,
    2145159058,
    2145134810,
    2144982389,
    2145252589,
    2145183307,
    2145086312,
    2145294158,
    2145082848,
    2145228340,
    2145224876,
    2144978925,
    2145276838,
    2145159058,
    2145110561,
    2144999710,
    2144954676,
    2145013566,
    2145162522,
    2145034351,
    2145204092,
    2144982389,
    2145120953,
    2145041279,
    2145017030,
    2145131346,
    2145273374,
    2145162522,
    2145269910,
    2145207556,
    2145252589,
    2145287230,
    2145062063,
    2145262981,
    2145003174,
    2145041279,
    2145346120,
    2145640568,
    2145398081,
    2145488148,
    2145536645,
    2145332263,
    2145522789,
    2145515861,
    2145533181,
    2145467363,
    2145605927,
    2145529717,
    2145512397,
    2145401545,
    2145418866,
    2145436186,
    2145508933,
    2145456971,
    2145522789,
    2145380761,
    2145547038,
    2145467363,
    2145335727,
    2145370369,
    2145394617,
    2145508933,
    2145391153,
    2145630176,
    2145394617,
    2145533181,
    2145411938,
    2145529717,
    2145446579,
    2145432722,
    2145460435,
    2145758348,
    2145675209,
    2145938481,
    2145675209,
    2145668281,
    2145654425,
    2145716779,
    2145647497,
    2145855343,
    2145675209,
    2145640568,
    2145678674,
    2145986979,
    2145796453,
    2145980050,
    2145720243,
    2145872663,
    2145848415,
    2145983514,
    2145754884,
    2145848415,
    2145685602,
    2145848415,
    2145959266,
    2145813774,
    2145959266,
    2145876127,
    2145799917,
    2145858807,
    2145761812,
    2145872663,
    2145702922,
    2145792989,
    2145650961,
    2145917697,
    2146035476,
    2146184432,
    2146187896,
    2146302212,
    2146139399,
    2146194825,
    2146253714,
    2146298748,
    2146108222,
    2146201753,
    2146177504,
    2146139399,
    2146226002,
    2146250250,
    2146271035,
    2146142863,
    2146142863,
    2146264107,
    2146122079,
    2146198289,
    2146094366,
    2146298748,
    2145997371,
    2146132471,
    2146077045,
    2146052797,
    2146264107,
    2146004299,
    2146070117,
    2146087438,
    2146073581,
    2146153255,
    2146083973,
    2146288355,
    2145993907,
    2146530843,
    2146416527,
    2146610517,
    2146582804,
    2146340317,
    2146575876,
    2146440776,
    2146444240,
    2146416527,
    2146593196,
    2146565484,
    2146336853,
    2146676335,
    2146572412,
    2146624373,
    2146562019,
    2146371494,
    2146354173,
    2146468489,
    2146523914,
    2146357637,
    2146492737,
    2146659014,
    2146617445,
    2146423455,
    2146374958,
    2146669407,
    2146582804,
    2146679799,
    2146624373,
    2146461561,
    2146520450,
    2146402671,
    2146371494,
    2146381886,
    2146787186,
    2146995032,
    2146742153,
    2146766401,
    2146949999,
    2146995032,
    2146714440,
    2146904966,
    2146707512,
    2147019281,
    2146866860,
    2146821827,
    2146752545,
    2146728296,
    2146887645,
    2146842612,
    2146821827,
    2146721368,
    2146807971,
    2146721368,
    2146946535,
    2146717904,
    2146894573,
    2146870325,
    2146967319,
    2146918822,
    2146877253,
    2146769866,
    2146801042,
    2146756009,
    2147026209,
    2146846076,
    2146835683,
    2146956927,
    2146745617,
    2147130132,
    2147043530,
    2147057386,
    2147230591,
    2147064314,
    2147237519,
    2147085099,
    2147161309,
    2147182094,
    2147265232,
    2147085099,
    2147119740,
    2147175165,
    2147237519,
    2147088563,
    2147362227,
    2147074707,
    2147130132,
    2147310265,
    2147130132,
    2147112812,
    2147254840,
    2147095491,
    2147185558,
    2147324122,
    2147040065,
    2147355299,
    2147157845,
    2147258304,
    2147351835,
    2147036601,
    2147209806,
    2147292945,
    2147331050,
    2147112812,
    2147587394,
    2147393404,
    2147649747,
    2147590858,
    2147632427,
    2147528504,
    2147628963,
    2147400332,
    2147393404,
    2147667068,
    2147531968,
    2147719029,
    2147642819,
    2147580465,
    2147372619,
    2147518112,
    2147656676,
    2147507719,
    2147597786,
    2147538896,
    2147462686,
    2147452294,
    2147646283,
    2147577001,
    2147559681,
    2147507719,
    2147552753,
    2147656676,
    2147622035,
    2147559681,
    2147632427,
    2147660140,
    2147673996,
    2147573537,
    2147525040,
    2147913019,
    2147719029,
    2147833345,
    2147985765,
    2147878378,
    2147826417,
    2147892234,
    2148037727,
    2147767527,
    2147996158,
    2147822952,
    2147958052,
    2147895699,
    2147795240,
    2147985765,
    2147753670,
    2148013478,
    2147764063,
    2147878378,
    2147944196,
    2147826417,
    2147947660,
    2148037727,
    2148030799,
    2147791776,
    2147850665,
    2148048119,
    2147729422,
    2147926876,
    2147854129,
    2147968445,
    2147899163,
    2148020406,
    2147926876,
    2147944196,
    2148262893,
    2148193611,
    2148138186,
    2148065440,
    2148079296,
    2148325247,
    2148269822,
    2148273286,
    2148086224,
    2148068904,
    2148377209,
    2148231716,
    2148162434,
    2148325247,
    2148342568,
    2148107009,
    2148093152,
    2148373745,
    2148373745,
    2148113937,
    2148349496,
    2148328711,
    2148255965,
    2148280214,
    2148183219,
    2148411850,
    2148117401,
    2148100081,
    2148183219,
    2148252501,
    2148165899,
    2148238645,
    2148134722,
    2148397993,
    2148072368,
    2148415314,
    2148612768,
    2148661265,
    2148591983,
    2148550414,
    2148682050,
    2148515773,
    2148713227,
    2148432634,
    2148578127,
    2148758260,
    2148488060,
    2148574663,
    2148449955,
    2148713227,
    2148619696,
    2148488060,
    2148585055,
    2148526165,
    2148515773,
    2148688978,
    2148682050,
    2148685514,
    2148540021,
    2148654337,
    2148668193,
    2148415314,
    2148709762,
    2148591983,
    2148637016,
    2148744403,
    2148436098,
    2148654337,
    2148488060,
    2148706298,
    2148851791,
    2148900288,
    2148761724,
    2148792901,
    2149042316,
    2149014603,
    2148779045,
    2148872575,
    2148896824,
    2149083885,
    2149104670,
    2149104670,
    2149031924,
    2149076957,
    2148834470,
    2148834470,
    2149073493,
    2148779045,
    2148865647,
    2148889896,
    2149083885,
    2148973034,
    2148876039,
    2148928001,
    2149024996,
    2148865647,
    2149097742,
    2148796365,
    2149031924,
    2148928001,
    2148948785,
    2149045780,
    2148806757,
    2148824078,
    2149014603,
    2149433760,
    2149267483,
    2149118526,
    2149419903,
    2149246698,
    2149419903,
    2149267483,
    2149253626,
    2149163560,
    2149128919,
    2149385262,
    2149218985,
    2149149703,
    2149167024,
    2149277875,
    2149218985,
    2149364478,
    2149146239,
    2149437224,
    2149194737,
    2149115062,
    2149426832,
    2149433760,
    2149111598,
    2149246698,
    2149184344,
    2149437224,
    2149208593,
    2149319444,
    2149388726,
    2149291732,
    2149392190,
    2149205129,
    2149270947,
    2149173952,
    2149513434,
    2149662390,
    2149693567,
    2149731672,
    2149451080,
    2149762849,
    2149672783,
    2149558467,
    2149596572,
    2149735137,
    2149724744,
    2149492649,
    2149482257,
    2149593108,
    2149496114,
    2149710888,
    2149783634,
    2149458008,
    2149523826,
    2149537683,
    2149742065,
    2149596572,
    2149669319,
    2149485721,
    2149748993,
    2149541147,
    2149482257,
    2149496114,
    2149461473,
    2149752457,
    2149485721,
    2149600037,
    2149797490,
    2149596572,
    2149631213,
    2149956839,
    2150133508,
    2149856380,
    2149946447,
    2150140436,
    2150102331,
    2150071154,
    2150116188,
    2150130044,
    2150126580,
    2150060762,
    2150105795,
    2149977624,
    2149800954,
    2150036513,
    2149894485,
    2150029585,
    2150022657,
    2149877165,
    2149925662,
    2149984552,
    2149984552,
    2150053834,
    2149939519,
    2149811347,
    2150046906,
    2149849452,
    2149918734,
    2149949911,
    2150029585,
    2150136972,
    2149970695,
    2149925662,
    2150136972,
    2149845988,
    2150209718,
    2150296321,
    2150490311,
    2150396780,
    2150254752,
    2150299785,
    2150351747,
    2150379459,
    2150396780,
    2150389852,
    2150372531,
    2150178542,
    2150175077,
    2150462598,
    2150182006,
    2150265144,
    2150476454,
    2150265144,
    2150313642,
    2150486847,
    2150206254,
    2150452206,
    2150445277,
    2150157757,
    2150254752,
    2150320570,
    2150438349,
    2150168149,
    2150227039,
    2150341354,
    2150150829,
    2150358675,
    2150289393,
    2150455670,
    2150317106,
    2150760511,
    2150587306,
    2150653123,
    2150642731,
    2150545736,
    2150639267,
    2150718941,
    2150511095,
    2150691229,
    2150708549,
    2150705085,
    2150698157,
    2150528416,
    2150784759,
    2150538808,
    2150552665,
    2150722406,
    2150580377,
    2150698157,
    2150511095,
    2150739726,
    2150753582,
    2150687764,
    2150691229,
    2150712013,
    2150587306,
    2150608090,
    2150746654,
    2150819400,
    2150750118,
    2150646195,
    2150590770,
    2150660052,
    2150791688,
    2150767439,
    2151037639,
    2150906003,
    2150999534,
    2151127705,
    2151006462,
    2151023782,
    2150878290,
    2151016854,
    2150951036,
    2151176203,
    2151048031,
    2150847113,
    2150867898,
    2151086136,
    2151148490,
    2150944108,
    2151103457,
    2151020318,
    2151034175,
    2150906003,
    2151044567,
    2151106921,
    2150857505,
    2150944108,
    2150961429,
    2150881754,
    2150916395,
    2151054959,
    2151020318,
    2151037639,
    2151151954,
    2150864434,
    2151127705,
    2151127705,
    2151089600,
    2151228164,
    2151307839,
    2151300910,
    2151273198,
    2151339016,
    2151498364,
    2151359800,
    2151245485,
    2151519149,
    2151307839,
    2151214308,
    2151397905,
    2151463723,
    2151190059,
    2151418690,
    2151522613,
    2151519149,
    2151224700,
    2151380585,
    2151356336,
    2151183131,
    2151273198,
    2151304375,
    2151401369,
    2151356336,
    2151339016,
    2151442939,
    2151221236,
    2151491436,
    2151190059,
    2151252413,
    2151287054,
    2151474116,
    2151238557,
    2151321695,
    2151685426,
    2151730459,
    2151529541,
    2151827454,
    2151796277,
    2151605751,
    2151754708,
    2151765100,
    2151837846,
    2151588431,
    2151803205,
    2151806669,
    2151841310,
    2151875951,
    2151768564,
    2151772028,
    2151595359,
    2151723531,
    2151650785,
    2151605751,
    2151862095,
    2151616144,
    2151768564,
    2151709674,
    2151654249,
    2151543398,
    2151872487,
    2151782421,
    2151744315,
    2151823990,
    2151567646,
    2151678498,
    2151567646,
    2151782421,
    2151675033,
    2152073405,
    2152014515,
    2151986803,
    2152042228,
    2152021444,
    2152042228,
    2152066477,
    2152163472,
    2151917521,
    2151879415,
    2151910592,
    2151920985,
    2152049156,
    2151917521,
    2151976410,
    2152125367,
    2151889808,
    2152173864,
    2152097654,
    2152142687,
    2151879415,
    2152198113,
    2152121903,
    2152066477,
    2152173864,
    2152073405,
    2151990267,
    2151893272,
    2152035300,
    2152021444,
    2151924449,
    2152114974,
    2151966018,
    2151990267,
    2152163472,
    2152305500,
    2152253538,
    2152378246,
    2152246610,
    2152423279,
    2152409423,
    2152450992,
    2152312428,
    2152468313,
    2152489097,
    2152288179,
    2152315892,
    2152430208,
    2152329749,
    2152378246,
    2152347069,
    2152527202,
    2152305500,
    2152485633,
    2152322820,
    2152329749,
    2152499490,
    2152253538,
    2152468313,
    2152509882,
    2152274323,
    2152322820,
    2152440600,
    2152523738,
    2152340141,
    2152561843,
    2152260467,
    2152450992,
    2152350533,
    2152232754,
    2152575700,
    2152776618,
    2152856292,
    2152849364,
    2152776618,
    2152811259,
    2152814723,
    2152790474,
    2152832043,
    2152648446,
    2152575700,
    2152648446,
    2152787010,
    2152579164,
    2152644982,
    2152634590,
    2152856292,
    2152894397,
    2152845900,
    2152693479,
    2152724656,
    2152759297,
    2152679623,
    2152780082,
    2152579164,
    2152859756,
    2152648446,
    2152586092,
    2152873613,
    2152572236,
    2152908254,
    2152870149,
    2152683087,
    2152683087,
    2152582628,
    2153015641,
    2153202702,
    2153050282,
    2153001784,
    2153181918,
    2153053746,
    2153081459,
    2153074531,
    2153206166,
    2153012177,
    2153195774,
    2153005248,
    2152925574,
    2153102243,
    2153057210,
    2152956751,
    2153240807,
    2152932502,
    2153105707,
    2153188846,
    2153192310,
    2153154205,
    2153126492,
    2153064138,
    2152956751,
    2153192310,
    2152925574,
    2153019105,
    2153043354,
    2153081459,
    2152960215,
    2153105707,
    2153220023,
    2152960215,
    2153247736,
    2153427869,
    2153368979,
    2153382836,
    2153323946,
    2153396692,
    2153601074,
    2153282377,
    2153358587,
    2153597610,
    2153559505,
    2153559505,
    2153271984,
    2153497151,
    2153382836,
    2153441725,
    2153573361,
    2153379371,
    2153296233,
    2153417477,
    2153542184,
    2153490223,
    2153292769,
    2153296233,
    2153420941,
    2153379371,
    2153282377,
    2153386300,
    2153497151,
    2153552577,
    2153372443,
    2153597610,
    2153594146,
    2153393228,
    2153455582,
    2153448653
]
