[
    2141688028,
    2141968621,
    2142415490,
    2142813862,
    2142966282,
    2143513610,
    2143697207,
    2144074795,
    2144293033,
    2144909643,
    2145037815,
    2145422330,
    2145644033,
    2146232930,
    2146426920,
    2146790650,
    2147088563,
    2147514647,
    2148055047,
    2148280214,
    2148740939,
    2148831006,
    2149163560,
    2149703960,
    2149811347,
    2150434885,
    2150583841,
    2151124241,
    2151526077,
    2151543398,
    2151959090,
    2152274323,
    2152842436,
    2153071066,
    2153431333,
    2141618746,
    2141843913,
    2142228428,
    2142782685,
    2143049420,
    2143555179,
    2143856556,
    2144116364,
    2144563233,
    2144805720,
    2144971997,
    2145432722,
    2145886520,
    2146194825,
    2146548163,
    2146787186,
    2147043530,
    2147490399,
    2147947660,
    2148079296,
    2148675121,
    2148779045,
    2149267483,
    2149776706,
    2149884093,
    2150407172,
    2150576913,
    2150888682,
    2151266269,
    2151772028,
    2152194649,
    2152350533,
    2152790474,
    2153057210,
    2153344730,
    2141826593,
    2141916659,
    2142290782,
    2142692618,
    2143045956,
    2143465113,
    2143738777,
    2143925838,
    2144507807,
    2144736438,
    2145082848,
    2145339192,
    2145810309,
    2146309140,
    2146426920,
    2146984640,
    2147036601,
    2147552753,
    2147975373,
    2148266357,
    2148550414,
    2149024996,
    2149177416,
    2149672783,
    2149998408,
    2150490311,
    2150725870,
    2151034175,
    2151508757,
    2151681962,
    2152191185,
    2152523738,
    2152787010,
    2152918646,
    2153375907,
    2141736526,
    2141999798,
    2142318495,
    2142647585,
    2143191449,
    2143530931,
    2143700672,
    2143981264,
    2144313818,
    2144736438,
    2144999710,
    2145533181,
    2145848415,
    2146028548,
    2146607053,
    2146932678,
    2147199414,
    2147493863,
    2147840273,
    2148311391,
    2148626624,
    2148938393,
    2149364478,
    2149638142,
    2149852916,
    2150452206,
    2150590770,
    2151093064,
    2151245485,
    2151657713,
    2151924449,
    2152444064,
    2152897861,
    2152946359,
    2153268520,
    2141490575,
    2141888946,
    2142380849,
    2142651049,
    2143129095,
    2143472041,
    2143766489,
    2144151005,
    2144587482,
    2144712189,
    2145256053,
    2145297622,
    2145734099,
    2146042404,
    2146433848,
    2146873789,
    2147230591,
    2147632427,
    2147816024,
    2148245573,
    2148688978,
    2148962642,
    2149153167,
    2149703960,
    2150008801,
    2150351747,
    2150774367,
    2150954500,
    2151460259,
    2151616144,
    2152128831,
    2152277787,
    2152586092,
    2152922110,
    2153306625,
    2141518288,
    2142013654,
    2142415490,
    2142550590,
    2143187984,
    2143444328,
    2143787274,
    2144040153,
    2144518200,
    2144684476,
    2145044743,
    2145387689,
    2145796453,
    2146025084,
    2146638230,
    2146894573,
    2147133596,
    2147504255,
    2147975373,
    2148210932,
    2148692442,
    2148966106,
    2149288267,
    2149527290,
    2149956839,
    2150424493,
    2150663516,
    2151023782,
    2151512221,
    2151848239,
    2151972946,
    2152565308,
    2152735049,
    2153157669,
    2153261592,
    2141580641,
    2141916659,
    2142224964,
    2142754972,
    2143104846,
    2143409687,
    2143783810,
    2144164861,
    2144559769,
    2144816112,
    2144989317,
    2145477756,
    2145799917,
    2146135935,
    2146659014,
    2146766401,
    2147053922,
    2147601250,
    2147989229,
    2148359888,
    2148591983,
    2149024996,
    2149146239,
    2149589644,
    2149852916,
    2150427957,
    2150805544,
    2151138098,
    2151370193,
    2151543398,
    2151962554,
    2152437136,
    2152676159,
    2153178454,
    2153493687,
    2141642995,
    2142086400,
    2142460523,
    2142796541,
    2143021708,
    2143340405,
    2143905054,
    2144092115,
    2144383100,
    2144656764,
    2145048207,
    2145470827,
    2145879591,
    2146191361,
    2146607053,
    2146974248,
    2147206342,
    2147421117,
    2147975373,
    2148093152,
    2148737475,
    2148841398,
    2149243234,
    2149651998,
    2150050370,
    2150279001,
    2150538808,
    2150944108,
    2151293982,
    2151695818,
    2151955626,
    2152336677,
    2152911718,
    2153188846,
    2153566433,
    2141539072,
    2141958228,
    2142463987,
    2142834646,
    2143160272,
    2143506682,
    2143790738,
    2144105971,
    2144327674,
    2144947748,
    2144958140,
    2145564358,
    2145702922,
    2146142863,
    2146607053,
    2146759473,
    2147081635,
    2147653211,
    2147788311,
    2148280214,
    2148508845,
    2149007675,
    2149347157,
    2149572324,
    2149825203,
    2150171613,
    2150826329,
    2150985677,
    2151214308,
    2151671569,
    2152208505,
    2152399031,
    2152738513,
    2153116100,
    2153459046,
    2141636067,
    2141868162,
    2142339280,
    2142786149,
    2143167200,
    2143267659,
    2143731848,
    2143981264,
    2144299961,
    2144670620,
    2145055135,
    2145408474,
    2145914232,
    2146281427,
    2146350709,
    2146877253,
    2147150917,
    2147462686,
    2147725958,
    2148370281,
    2148678586,
    2149038852,
    2149447616,
    2149520362,
    2149811347,
    2150296321,
    2150504167,
    2150888682,
    2151335551,
    2151775492,
    2152201577,
    2152499490,
    2152613805,
    2152984464,
    2153386300,
    2141826593,
    2142148754,
    2142273462,
    2142606015,
    2142914320,
    2143253802,
    2143901589,
    2144254928,
    2144552841,
    2144743366,
    2144992781,
    2145321871,
    2145824166,
    2146063189,
    2146551627,
    2146949999,
    2147337978,
    2147441901,
    2147933804,
    2148207468,
    2148533093,
    2148792901,
    2149374870,
    2149658926,
    2149835595,
    2150275536,
    2150531880,
    2150975285,
    2151342480,
    2151685426,
    2152201577,
    2152326285,
    2152814723,
    2153161133,
    2153289305,
    2141539072,
    2142162610,
    2142394705,
    2142834646,
    2143184520,
    2143281515,
    2143776882,
    2144154469,
    2144487023,
    2144767615,
    2145110561,
    2145602463,
    2145976586,
    2146222538,
    2146423455,
    2146901501,
    2147046994,
    2147573537,
    2147784847,
    2148387601,
    2148508845,
    2149066565,
    2149371406,
    2149762849,
    2149891021,
    2150389852,
    2150670444,
    2150878290,
    2151311303,
    2151706210,
    2151993731,
    2152322820,
    2152724656,
    2153036425,
    2153497151,
    2141726134,
    2141965157,
    2142353136,
    2142651049,
    2143142951,
    2143385438,
    2143891197,
    2144002048,
    2144469702,
    2144798792,
    2145138274,
    2145557430,
    2145959266,
    2146302212,
    2146516986,
    2146804507,
    2147282553,
    2147448829,
    2147777919,
    2148401457,
    2148695906,
    2149007675,
    2149173952,
    2149745529,
    2149918734,
    2150417565,
    2150642731,
    2151034175,
    2151248949,
    2151844774,
    2151948697,
    2152347069,
    2152832043,
    2153081459,
    2153265056,
    2141511359,
    2141937444,
    2142242285,
    2142713403,
    2143146415,
    2143402759,
    2143905054,
    2143929302,
    2144601338,
    2144708725,
    2145235269,
    2145571286,
    2145747956,
    2146229466,
    2146652086,
    2146859932,
    2147258304,
    2147417653,
    2148034263,
    2148186683,
    2148643945,
    2148837934,
    2149416439,
    2149645070,
    2150098867,
    2150223575,
    2150594234,
    2150919859,
    2151290518,
    2151557254,
    2152101118,
    2152412887,
    2152603413,
    2153140348,
    2153403620,
    2141494039,
    2142114113,
    2142436274,
    2142602551,
    2143215697,
    2143215697,
    2143572500,
    2144105971,
    2144514735,
    2144816112,
    2145134810,
    2145574751,
    2145966194,
    2146073581,
    2146492737,
    2146839148,
    2147286017,
    2147511183,
    2147743278,
    2148394529,
    2148505380,
    2148924537,
    2149309052,
    2149755921,
    2149873701,
    2150199326,
    2150535344,
    2150860970,
    2151335551,
    2151574575,
    2152063013,
    2152267395,
    2152644982,
    2153088387,
    2153545648,
    2141615282,
    2142044831,
    2142470915,
    2142855431,
    2143097918,
    2143489361,
    2143666031,
    2144220287,
    2144410812,
    2144715653,
    2144985853,
    2145550502,
    2145671745,
    2146174040,
    2146454632,
    2146787186,
    2147372619,
    2147538896,
    2147968445,
    2148249037,
    2148671657,
    2148924537,
    2149347157,
    2149600037,
    2150039977,
    2150365603,
    2150597698,
    2151172739,
    2151474116,
    2151654249,
    2152191185,
    2152405959,
    2152880541,
    2153077995,
    2153549112,
    2141785023,
    2142027510,
    2142387777,
    2142571374,
    2142869287,
    2143454720,
    2143704136,
    2144223751,
    2144587482,
    2144746830,
    2145245661,
    2145297622,
    2145786061,
    2146316068,
    2146613981,
    2146859932,
    2147092027,
    2147656676,
    2147788311,
    2148214396,
    2148675121,
    2148973034,
    2149208593,
    2149471865,
    2150039977,
    2150185470,
    2150618482,
    2150975285,
    2151190059,
    2151564182,
    2151896736,
    2152454456,
    2152703872,
    2152939431,
    2153476366,
    2141819664,
    2142107185,
    2142245749,
    2142602551,
    2142955890,
    2143395831,
    2143728384,
    2144112900,
    2144358851,
    2144899251,
    2145190235,
    2145550502,
    2145789525,
    2146316068,
    2146465025,
    2146846076,
    2147195950,
    2147434973,
    2147819488,
    2148072368,
    2148612768,
    2148848327,
    2149392190,
    2149593108,
    2149949911,
    2150438349,
    2150760511,
    2150878290,
    2151300910,
    2151612680,
    2151907128,
    2152312428,
    2152856292,
    2153053746,
    2153497151,
    2141500967,
    2142166075,
    2142218036,
    2142730723,
    2142893536,
    2143544787,
    2143839236,
    2144185646,
    2144473166,
    2144940820,
    2145145202,
    2145477756,
    2145747956,
    2146025084,
    2146638230,
    2147005424,
    2147029673,
    2147573537,
    2147954588,
    2148276750,
    2148605839,
    2148948785,
    2149451080,
    2149728208,
    2149866772,
    2150438349,
    2150677372,
    2150975285,
    2151245485,
    2151813598,
    2152011051,
    2152399031,
    2152748905,
    2152918646,
    2153452118,
    2141712277,
    2141947836,
    2142221500,
    2142533269,
    2142945497,
    2143534395,
    2143745705,
    2144012441,
    2144362315,
    2144629051,
    2145179843,
    2145595535,
    2145716779,
    2146014691,
    2146395743,
    2146943071,
    2147029673,
    2147663604,
    2148013478,
    2148238645,
    2148633552,
    2148869111,
    2149367942,
    2149624285,
    2150130044,
    2150355211,
    2150552665,
    2150951036,
    2151342480,
    2151851703,
    2152056085,
    2152284715,
    2152773154,
    2153005248,
    2153490223,
    2141750382,
    2142107185,
    2142218036,
    2142754972,
    2142973210,
    2143524002,
    2143603677,
    2144182182,
    2144538984,
    2144788399,
    2145183307,
    2145377297,
    2145962730,
    2146122079,
    2146659014,
    2146853004,
    2147046994,
    2147500791,
    2147888770,
    2148075832,
    2148747868,
    2149035388,
    2149225914,
    2149461473,
    2149901413,
    2150396780,
    2150815936,
    2151058423,
    2151318231,
    2151830918,
    2151979874,
    2152229290,
    2152579164,
    2153067602,
    2153289305,
    2141674172,
    2142155682,
    2142325423,
    2142723795,
    2143149879,
    2143430472,
    2143738777,
    2144178718,
    2144306889,
    2144625587,
    2144954676,
    2145536645,
    2145938481,
    2146135935,
    2146350709,
    2146918822,
    2147112812,
    2147594322,
    2147871450,
    2148096616,
    2148498452,
    2148976498,
    2149381798,
    2149548075,
    2150091939,
    2150168149,
    2150833257,
    2151082672,
    2151245485,
    2151602287,
    2152118438,
    2152270859,
    2152686551,
    2152942895,
    2153400156,
    2141764239,
    2142176467,
    2142238821,
    2142831182,
    2143104846,
    2143433936,
    2143908518,
    2144022833,
    2144410812,
    2144604802,
    2145221412,
    2145605927,
    2145782597,
    2146080509,
    2146447704,
    2146918822,
    2147143989,
    2147642819,
    2147764063,
    2148380673,
    2148436098,
    2148831006,
    2149350621,
    2149513434,
    2150046906,
    2150407172,
    2150576913,
    2151034175,
    2151255877,
    2151539933,
    2151879415,
    2152298572,
    2152884005,
    2153015641,
    2153521400,
    2141629139,
    2141868162,
    2142425882,
    2142599087,
    2143142951,
    2143458184,
    2143769954,
    2144185646,
    2144279177,
    2144712189,
    2144961605,
    2145432722,
    2145706386,
    2146073581,
    2146510058,
    2146977712,
    2147223663,
    2147545824,
    2147732886,
    2148117401,
    2148505380,
    2148945321,
    2149284803,
    2149752457,
    2150001872,
    2150434885,
    2150725870,
    2150919859,
    2151384049,
    2151733923,
    2152128831,
    2152523738,
    2152752369,
    2153126492,
    2153545648,
    2141552929,
    2142148754,
    2142259605,
    2142595623,
    2143011315,
    2143312692,
    2143894661,
    2144067866,
    2144518200,
    2144861146,
    2145235269,
    2145453507,
    2145786061,
    2146153255,
    2146572412,
    2146700584,
    2147358763,
    2147469614,
    2147729422,
    2148096616,
    2148654337,
    2148879503,
    2149347157,
    2149561931,
    2150022657,
    2150476454,
    2150518024,
    2150923323,
    2151512221,
    2151543398,
    2152052621,
    2152395567,
    2152658838,
    2153206166,
    2153507543,
    2141771167,
    2142062151,
    2142467451,
    2142786149,
    2143170664,
    2143451256,
    2143794202,
    2144216823,
    2144258392,
    2144646371,
    2145172915,
    2145598999,
    2145834558,
    2146170576,
    2146388814,
    2146908430,
    2147057386,
    2147483470,
    2147732886,
    2148190147,
    2148664729,
    2148810221,
    2149142775,
    2149593108,
    2149863308,
    2150157757,
    2150680836,
    2150888682,
    2151200452,
    2151671569,
    2151990267,
    2152475241,
    2152835507,
    2153067602,
    2153396692,
    2141722670,
    2141909731,
    2142339280,
    2142543662,
    2143045956,
    2143503218,
    2143679887,
    2144012441,
    2144261856,
    2144774543,
    2145072456,
    2145401545,
    2145986979,
    2146170576,
    2146634766,
    2146960391,
    2147105883,
    2147670532,
    2147985765,
    2148366816,
    2148429170,
    2149076957,
    2149170488,
    2149492649,
    2150036513,
    2150206254,
    2150552665,
    2150985677,
    2151446403,
    2151702746,
    2152042228,
    2152253538,
    2152631125,
    2153050282,
    2153507543,
    2141771167,
    2142086400,
    2142231892,
    2142609480,
    2142907392,
    2143402759,
    2143600213,
    2144244535,
    2144538984,
    2144674084,
    2144992781,
    2145314943,
    2145928089,
    2146101294,
    2146655550,
    2146735225,
    2147081635,
    2147480006,
    2147878378,
    2148380673,
    2148675121,
    2149052709,
    2149187808,
    2149582716,
    2150029585,
    2150483382,
    2150753582,
    2151020318,
    2151380585,
    2151702746,
    2152059549,
    2152464849,
    2152579164,
    2153015641,
    2153372443,
    2141573713,
    2142173003,
    2142491700,
    2142817326,
    2143194913,
    2143371582,
    2143690279,
    2143995120,
    2144410812,
    2144812648,
    2145017030,
    2145529717,
    2145671745,
    2146104758,
    2146603589,
    2147008889,
    2147140524,
    2147719029,
    2147809096,
    2148249037,
    2148505380,
    2148772116,
    2149142775,
    2149742065,
    2149998408,
    2150213183,
    2150656588,
    2150937180,
    2151224700,
    2151685426,
    2152073405,
    2152277787,
    2152676159,
    2153112636,
    2153441725,
    2141708813,
    2141930516,
    2142398169,
    2142619872,
    2143187984,
    2143524002,
    2143679887,
    2144161397,
    2144376171,
    2144836897,
    2145217948,
    2145602463,
    2145827630,
    2145986979,
    2146679799,
    2146963855,
    2147147453,
    2147580465,
    2148055047,
    2148328711,
    2148491524,
    2148907216,
    2149388726,
    2149738601,
    2149894485,
    2150185470,
    2150708549,
    2150933716,
    2151463723,
    2151747780,
    2152000659,
    2152416351,
    2152835507,
    2152918646,
    2153511007,
    2141715741,
    2141968621,
    2142370457,
    2142817326,
    2142879679,
    2143478969,
    2143769954,
    2144036689,
    2144500879,
    2144823040,
    2145103633,
    2145318407,
    2145876127,
    2146329925,
    2146364566,
    2147001960,
    2147216735,
    2147421117,
    2147906091,
    2148103545,
    2148685514,
    2148914144,
    2149371406,
    2149748993,
    2149977624,
    2150472990,
    2150833257,
    2151027246,
    2151287054,
    2151578039,
    2151952162,
    2152326285,
    2152638054,
    2153022569,
    2153382836,
    2141701885,
    2141916659,
    2142190323,
    2142616408,
    2143174128,
    2143319620,
    2143832307,
    2144005512,
    2144483558,
    2144809184,
    2144958140,
    2145470827,
    2145772204,
    2146215609,
    2146568948,
    2146880717,
    2147237519,
    2147410724,
    2147836809,
    2148294070,
    2148422242,
    2148945321,
    2149350621,
    2149697031,
    2150123116,
    2150386388,
    2150705085,
    2150944108,
    2151359800,
    2151747780,
    2151941769,
    2152485633,
    2152738513,
    2153067602,
    2153441725,
    2141753846,
    2142103721,
    2142335815,
    2142720331,
    2142993995,
    2143517074,
    2143669495,
    2144112900,
    2144566697,
    2144653299,
    2145155594,
    2145373833,
    2145886520,
    2146000835,
    2146610517,
    2147012353,
    2147178630,
    2147625499,
    2147978837,
    2148235181,
    2148654337,
    2148903752,
    2149423367,
    2149482257,
    2149925662,
    2150462598,
    2150798616,
    2151165811,
    2151276662,
    2151699282,
    2152069941,
    2152513346,
    2152662302,
    2153088387,
    2153424405,
    2141604890,
    2142169539,
    2142211108,
    2142727259,
    2142938569,
    2143333477,
    2143853092,
    2143932766,
    2144327674,
    2144947748,
    2144985853,
    2145529717,
    2145817238,
    2146264107,
    2146506594,
    2146943071,
    2147334514,
    2147542360,
    2148058511,
    2148276750,
    2148425706,
    2149007675,
    2149184344,
    2149655462,
    2149866772,
    2150178542,
    2150687764,
    2151023782,
    2151501828,
    2151723531,
    2151896736,
    2152350533,
    2152728120,
    2152998320,
    2153265056,
    2141715741,
    2141916659,
    2142228428,
    2142786149,
    2143073669,
    2143278051,
    2143846164,
    2144119828,
    2144448917,
    2144885394,
    2144989317,
    2145637104,
    2145924625,
    2146035476,
    2146423455,
    2146832219,
    2147182094,
    2147518112,
    2147795240,
    2148335639,
    2148498452,
    2148917609,
    2149315980,
    2149686639,
    2150126580,
    2150192398,
    2150822864,
    2151093064,
    2151290518,
    2151737387,
    2152156544,
    2152284715,
    2152915182,
    2153071066,
    2153448653
]